






->TEST 66 ARG:153 -156 -59 -40 -246 56 136 -247 145 164 -199 -165 -212 -226 -108 -161 -44 -75 -25 -135 -14 -113 108 -188 235 216 209 -9 -103 173 115 127 3 191 89 -43 135 -37 138 249 36 112 129 241 27 -19 113 11 -138 -206 -171 130 -220 -64 18 -52 -53 58 -180 222 94 66 17 77 179 86 -23 219 -95 -209 124 -96 37 240 62 231 -160 -71 73 -233 60 114 -250 29 83 -142 -127 100 -204 221 -152 190 -6 85 -243 92 -104 19 84 -249 170 146 119 7 233 211 -90 187 -58 -136 -63 242 -121 200 -197 -67 -224 88 -168 229 125 -221 171 201 121 -229 -176 194 176 -8 -100 50 168 10 -216 167 76 -143 185 157 -29 -80 52 26 162 -115 87 35 98 128 -11 182 20 -74 -1 109 80 103 159 81 53 -232 -85 104 178 67 -91 -120 206 -173 -69 -162 161 -167 46 239 205 70 45 -237 -39 -12 -47 42 -148 144 -111 -187 -184 -215 196 -98 -18 212 21 232 -99 236 5 -182 -238 -155 -124 -110 151 213 203 230 22 -169 -174 43 79 -177 -244 223 117 116 93 215 96 -239 -36 -26 106 -31 -68 -157 82 228 -3 -46 181 186 -245 90 16 -125 -149 -210 78 68 -88 -231 -151 -213 -198 59 107 33 13 -60 225 24 -242 25 -16 156 -32 -194 197 -235 -203 -166 -76 -130 -185 -109 -133 -79 -196 -7 32 195 -117 -207 118 -41 -140 -66 -202 -222 -15 97 -248 237 -21 -92 54 -225 -89 -144 134 91 -201 217 184 -106 166 30 -158 210 -116 -114 218 -49 28 -217 163 34 72 204 14 199 234 247 -175 2 105 -118 183 177 147 160 -126 -137 102 44 -190 248 38 -5 99 180 -13 57 -86 -24 61 -147 246 -119 -82 169 63 137 -81 149 -102 6 -10 -97 64 51 198 31 -30 -20 208 -183 139 -211 238 110 -208 -50 49 -55 -134 -62 -35 189 8 227 -227 -240 192 -56 -153 140 -178 69 150 220 -154 -131 142 175 -146 65 165 188 -38 95 -72 -2 126 -219 -170 -22 214 207 172 -112 40 193 -4 -28 154 101 132 -34 122 -65 12 -77 -101 -214 -33 -129 48 9 226 -27 -128 -51 -191 152 -179 -45 -236 -193 -141 -150 -205 41 -189 4 0 -123 141 155 -145 158 39 -83 -78 -163 244 -200 -241 -87 -132 -186 1 -70 -61 -105 -223 47 -195 202 71 -228 -48 -107 -54 -159 74 224 -164 -172 -181 -94 -218 -139 111 -42 243 15 -84 -73 -122 -234 -192 174 -230 131 -57 133 55 245 123 120 -17 23 75 148 143 -93
->TEST 104 ARG:-165 -178 -74 -11 219 -3 -37 -12 174 12 -221 178 75 246 -148 32 249 117 -90 231 44 -164 -34 -115 170 1 -205 85 -241 241 -189 -38 164 -94 212 -220 -121 -41 -184 -127 103 156 240 146 -247 142 161 -143 128 -193 -106 16 115 30 -48 -118 -53 -192 191 -81 245 207 133 -89 52 233 149 2 -162 -51 227 93 -133 69 63 50 -147 71 101 -61 -130 180 208 -43 129 111 165 210 -87 187 -26 -73 -210 -141 -58 -183 98 15 237 -9 -222 -150 192 -15 29 -50 114 215 -231 6 112 223 33 22 131 139 152 61 64 209 132 -36 159 60 -108 -39 90 72 234 221 226 -197 -200 -152 203 -92 -157 -250 -91 -186 160 -208 -228 172 39 27 73 -80 81 -132 -236 186 28 -56 -213 -128 -218 -226 138 -24 -113 184 -182 -85 -172 -149 92 80 134 -173 45 168 76 171 -14 -240 -198 5 -203 -100 120 -23 42 -174 48 96 175 -117 -242 -122 -66 -159 196 218 -105 -171 78 -99 119 106 -13 -93 141 137 43 108 -57 -59 37 155 151 -145 -20 -179 -8 -110 -135 -238 189 -227 -60 181 109 -146 102 197 125 -32 77 -154 19 145 -70 -79 -28 195 -98 62 -202 -232 -31 238 163 -175 -194 -21 -77 -5 110 -71 123 185 82 -134 -29 -230 -185 100 -123 -95 -68 -249 -214 -18 -139 153 232 -102 24 -136 -84 95 -212 188 -76 -138 -46 193 -156 -126 83 0 -161 -199 -111 -216 126 222 34 -78 35 228 -163 87 -27 179 13 -190 53 104 -42 67 135 -191 -86 74 41 205 -155 -224 66 229 235 84 -6 40 4 58 162 -67 99 113 -49 -54 68 -235 -30 -219 244 200 -63 225 -181 -229 176 116 220 216 54 -44 46 144 -158 -243 121 -233 88 79 89 -83 -144 224 -82 127 -75 -112 -142 230 198 118 -69 -239 169 -40 -166 177 57 38 91 -72 105 -207 -97 239 21 31 -88 182 243 206 -176 -211 -160 214 -131 17 -129 140 3 -10 -45 -22 194 -187 -237 183 -168 -1 -120 213 -206 -188 -101 -234 -62 11 190 211 202 148 -65 150 247 -19 173 20 154 217 26 236 -244 9 70 -35 122 -177 94 8 248 -153 -169 -195 -217 -124 18 10 -114 -116 59 -104 -103 55 -170 56 107 -107 -246 97 -125 -248 -109 -204 -201 -137 -96 -55 51 -119 -2 242 -16 -7 -223 157 166 86 143 199 -47 23 -209 -225 -215 36 -196 167 -52 158 -245 201 25 -167 130 65 -17 -64 -140 136 -151 7 124 14 -25 147 -4 -180 49 47 204 -33

TEST 152 ARG:24 249 -171 193 32 103 68 -167 199 -177 110 116 -232 207 -77 -43 57 -12 215 76 -127 -34 51 -23 246 -198 -27 223 -88 83 -44 108 132 16 23 -245 158 171 144 -107 181 225 106 152 -121 211 34 -47 -196 -92 66 -221 -62 134 14 -226 221 173 -174 217 -98 -95 109 -63 168 -71 53 198 -240 15 -214 29 -235 39 149 -116 209 5 -55 111 49 -155 -230 -32 -81 -16 20 -29 27 -99 150 -79 -101 -19 80 -80 176 64 117 220 -207 124 36 7 153 143 203 196 238 -30 -76 224 183 -187 11 -86 210 222 60 130 4 126 -105 -200 -4 -213 0 -158 -15 -244 -134 -205 -18 -149 123 -151 240 33 6 172 119 154 194 -234 -157 -185 216 -168 30 -194 -190 59 -25 95 13 -237 -40 112 -138 -236 177 -113 -89 -35 -146 -209 -83 -10 -54 185 67 182 -247 105 -231 18 127 218 -128 46 43 19 -3 -94 229 -188 -204 -219 -72 226 92 -141 -150 141 -56 52 -51 84 62 135 -112 -33 54 -145 -144 202 189 230 42 129 -111 174 -68 -41 235 212 -206 195 219 90 157 206 136 45 155 -220 213 40 3 -222 -6 245 -69 200 231 186 147 -225 10 -26 -215 -124 63 239 96 101 21 -13 187 86 -173 243 -46 -50 -250 -133 -17 -175 214 -242 77 -164 44 -191 151 118 89 -170 -73 208 100 94 -239 -1 -38 -169 -248 204 38 -78 -179 -156 175 -64 -120 58 139 242 122 41 -87 -103 71 -126 184 -137 -8 -45 72 233 -152 -161 17 -90 167 192 140 -143 55 -5 -21 -199 -106 -211 99 -85 -84 87 -176 -109 65 91 -193 -181 -228 78 162 56 241 247 35 -241 -20 -39 148 -48 8 -180 236 -97 48 -238 -163 -24 -125 -223 -218 -165 102 -42 -142 -201 -217 -58 -135 188 26 -129 232 -227 73 81 -202 -57 -148 178 -160 -100 169 -31 156 -115 -102 -136 165 37 -233 191 69 -162 -36 -110 -11 -67 -37 161 -192 -114 114 104 12 -117 -122 -53 -224 -61 163 -159 166 -139 138 190 -2 180 9 -123 -249 28 -243 227 159 -96 -60 -59 -70 -75 -9 -132 74 -183 -147 82 -22 -104 1 128 -130 31 61 22 248 201 -216 -182 125 205 75 -14 113 -189 -178 47 -91 -212 -49 142 98 145 -108 -195 88 137 -74 50 -186 121 237 97 -119 115 228 244 234 160 170 -153 -28 -140 197 164 -66 120 -65 -229 -246 93 -118 -154 146 79 -82 -184 -7 131 85 -197 25 -52 70 -208 179 -93 -203 -172 -131 -210 107 133 2 -166
TEST 161 ARG:153 124 -42 -26 43 -231 64 -236 93 143 20 -136 -64 196 192 -199 211 92 191 80 34 -79 99 -72 -76 -27 122 -168 -194 8 -46 -163 -233 89 82 231 -237 -93 -209 -169 -34 -160 -205 240 -141 -40 -11 -183 197 -107 151 -102 214 -187 223 237 -239 -243 -108 -15 26 248 52 18 183 -103 -175 -161 -212 60 123 -206 -57 -144 40 96 -162 -18 -52 227 158 38 198 224 176 -12 51 -184 -101 -109 68 204 29 15 -188 -172 -111 -227 -31 53 -155 103 -77 -204 76 -96 246 200 -37 166 -124 -198 233 44 16 216 152 -1 11 145 -86 239 -81 217 -193 -66 -60 116 -51 -210 119 9 219 -59 -63 -2 -44 147 -67 -113 228 -32 79 -100 -99 -45 25 221 160 -75 194 -122 32 -128 3 -139 23 215 84 -250 -152 -134 -126 -223 -68 -135 12 5 139 -6 -230 -94 35 127 161 -7 111 -13 225 -176 -247 -110 1 -181 -132 -41 -104 -91 -87 205 -244 31 33 220 -245 170 61 -151 195 -33 187 128 -84 -170 -17 37 -171 90 -232 164 -89 -143 0 -208 -190 -179 -56 -153 156 -118 130 -157 13 -98 -73 -202 203 -221 209 102 189 -197 -123 -121 -145 39 -35 17 -88 154 -61 110 -166 -246 91 -50 -177 -19 -5 6 -192 -125 -146 49 242 -85 168 -154 -117 -200 -159 -180 81 213 73 -8 132 83 100 -215 -47 -149 21 177 -207 236 59 107 181 207 -131 167 28 230 149 58 54 -242 97 -23 14 131 146 -140 -217 48 -229 -150 180 178 109 -226 173 22 -220 -167 212 163 -173 -138 87 74 162 125 75 71 222 -71 72 134 171 -178 47 56 -142 10 101 -235 105 144 67 36 188 138 -182 -43 229 148 218 66 -148 202 -219 232 -24 -114 -133 -54 -78 165 129 -28 243 -165 172 137 -36 4 -55 -174 27 226 69 -48 175 210 -74 -21 -225 86 -147 -29 174 41 234 88 -20 133 -195 206 -95 117 142 2 65 155 -106 30 -62 -97 -16 -127 120 -222 118 -201 -49 -248 159 114 186 -158 135 -120 169 190 -214 -38 -105 -164 108 7 -130 104 193 62 -234 -186 -196 126 244 98 -22 46 94 241 140 63 -30 -83 238 106 95 45 245 201 50 247 -228 141 -129 208 -119 -218 -156 -216 -3 -92 85 185 -115 -203 184 -9 -112 121 115 157 150 19 182 -189 -10 -241 -240 -69 -211 -65 136 -191 249 -39 -58 57 55 -213 199 235 -25 42 113 112 -137 -185 -224 24 -14 78 -238 -53 -80 -249 -116 179 -90 70 77 -82 -70 -4
